int	                4	    (-2,147,483,648 ~ 2,147,483,647)
unsigned int	      4	    (0 ~ 4,294,967,295)
 int8_t	            1	    (-128 ~ 127)
uint8_t       	    1	    (0 ~ 255)
 int16_t	          2	    (-32,768 ~ 32,767)
uint16_t        	  2	    (0 ~ 65,535)
 int32_t	          4	    (-2,147,483,648 ~ 2,147,483,647)
uint32_t        	  4	    (0 ~ 4,294,967,295)
 int64_t	          8	    (-9,223,372,036,854,775,808 ~ 9,223,372,036,854,775,807)
uint64_t        	  8	    (0 ~ 18,446,744,073,709,551,615)
bool	              1	    (false 或 true)
char	              1	    (-128 ~127)（預設值）
